2.144000053405761719e+00
1.967000007629394531e+00
1.907999992370605469e+00
1.840999960899353027e+00
1.784000039100646973e+00
1.748999953269958496e+00
nan
4.209000110626220703e+00
4.093999862670898438e+00
4.010000228881835938e+00
3.180000066757202148e+00
nan
nan
nan
nan
nan
nan
nan
nan
nan
nan
nan
nan
2.927000045776367188e+00
2.328000068664550781e+00
3.168999910354614258e+00
1.942000031471252441e+00
2.719000101089477539e+00
2.055999994277954102e+00
1.690999984741210938e+00
1.685999989509582520e+00
1.679999947547912598e+00
1.682999968528747559e+00
1.679000020027160645e+00
1.679999947547912598e+00
nan
nan
nan
nan
nan
nan
nan
nan
nan
nan
nan
nan
1.498000025749206543e+00
1.549999952316284180e+00
3.250999927520751953e+00
nan
3.348999977111816406e+00
3.374000072479248047e+00
3.332999944686889648e+00
3.394000053405761719e+00
2.651999950408935547e+00
2.273999929428100586e+00
3.661000013351440430e+00
2.038000106811523438e+00
nan
nan
nan
nan
nan
nan
nan
nan
nan
nan
nan
nan
nan
nan
5.630000114440917969e+00
5.881000041961669922e+00
2.006999969482421875e+00
nan
2.305999994277954102e+00
4.184000015258789062e+00
4.539999961853027344e+00
5.553999900817871094e+00
5.471000194549560547e+00
5.377999782562255859e+00
6.627999782562255859e+00
6.592000007629394531e+00
7.282000064849853516e+00
7.230000019073486328e+00
7.202000141143798828e+00
7.091000080108642578e+00
7.123000144958496094e+00
7.113999843597412109e+00
7.077000141143798828e+00
7.094999790191650391e+00
7.064000129699707031e+00
7.054999828338623047e+00
7.067999839782714844e+00
7.530000209808349609e+00
7.530000209808349609e+00
7.602000236511230469e+00
3.825000047683715820e+00
3.802999973297119141e+00
3.658999919891357422e+00
3.605999946594238281e+00
nan
3.799000024795532227e+00
7.801000118255615234e+00
nan
3.046000003814697266e+00
4.258999824523925781e+00
6.413000106811523438e+00
4.247000217437744141e+00
nan
nan
6.309999942779541016e+00
6.408999919891357422e+00
2.224999904632568359e+00
2.740000009536743164e+00
nan
4.552999973297119141e+00
2.220000028610229492e+00
2.213999986648559570e+00
nan
2.450999975204467773e+00
2.334000110626220703e+00
3.530999898910522461e+00
3.036999940872192383e+00
3.417000055313110352e+00
3.430000066757202148e+00
3.499000072479248047e+00
2.569000005722045898e+00
4.012000083923339844e+00
3.924000024795532227e+00
3.298000097274780273e+00
3.371999979019165039e+00
3.306999921798706055e+00
3.240000009536743164e+00
2.739000082015991211e+00
3.585999965667724609e+00
3.539000034332275391e+00
3.500000000000000000e+00
3.466000080108642578e+00
3.434999942779541016e+00
3.404000043869018555e+00
3.378000020980834961e+00
3.355000019073486328e+00
nan
nan
nan
nan
nan
nan
nan
nan
nan
nan
nan
nan
2.930999994277954102e+00
2.868999958038330078e+00
2.881000041961669922e+00
2.901999950408935547e+00
2.927000045776367188e+00
2.960000038146972656e+00
3.384000062942504883e+00
2.961999893188476562e+00
3.279000043869018555e+00
3.415999889373779297e+00
2.966000080108642578e+00
3.428999900817871094e+00
nan
nan
nan
nan
nan
nan
nan
nan
nan
nan
nan
nan
2.834000110626220703e+00
nan
1.582999944686889648e+00
2.663000106811523438e+00
2.693000078201293945e+00
2.595999956130981445e+00
2.680000066757202148e+00
1.853999972343444824e+00
2.763000011444091797e+00
2.769999980926513672e+00
2.865000009536743164e+00
nan
nan
3.046999931335449219e+00
3.085999965667724609e+00
6.224999904632568359e+00
1.616000056266784668e+00
1.950999975204467773e+00
nan
4.000000059604644775e-01
3.790000081062316895e-01
3.740000128746032715e-01
3.750000000000000000e-01
3.770000040531158447e-01
3.790000081062316895e-01
3.869999945163726807e-01
3.970000147819519043e-01
4.110000133514404297e-01
nan
nan
5.830000042915344238e-01
5.759999752044677734e-01
5.749999880790710449e-01
5.820000171661376953e-01
nan
5.749000072479248047e+00
5.764999866485595703e+00
nan
nan
nan
nan
nan
nan
nan
nan
nan
nan
nan
nan
5.986000061035156250e+00
5.980000019073486328e+00
